251773322
202787474
215129541
215129312
163569552
39951047
242841242
162976249
91937597
190703501
254896794
12023133
137675537
207876075
25293276
218750573
116106183
250010817
208062183
204437406
251267048
261995759
175150254
262811657
245787203
215129375
254896904
203960845
205286057
246852873
254871744
74443873
57522629
12107818
251536925
140331433
190826135
251536661
41343279
205113157
215129516
210758473
69090355
208748014
202788159
200798638
187946670
263099547
209165145
189420388
2386945
210280121
31908911
161874320
204065056
251770063
154532215
177703395
202785989
251590785
71011303
116813643
215129353
215738858
244690356
248540527
254871792
203992328
251536737
154532335
179142316
91950879
225263759
107077858
255349730
200798618
126158085
200797882
205810478
248777924
206713368
222399161
207997494
63595377
247666472
204065506
263573581
200528988
249947528
247788420
263403786
34725666
212251999
149128429
262533668
178606776
261978932
186676376
226562217
242882260
202784141
254896847
242859748
209377538
204065101
262839280
161869519
198079078
208120165
214760217
242716498
254896486
104794757
87557157
209165158
203200763
213969882
210278015
14348102
31855083
54393674
2069457
173276282
208071217
225210603
136699272
251102827
212479746
114877982
251262713
150247761
195238171
45832109
242075879
203960851
195548070
261900461
113709617
262524753
262346337
87548845
217524778
164552469
11119985
63582317
262787502
230004864
89698759
87550859
229770132
97708090
57763788
2152895
115677940
221225764
190702768
205529304
221239902
253614654
248644380
250086235
214798971
249600827
225314670
198364422
162966789
id
175150267
199638230
16197757
242502865
244306095
129714951
251590836
87554029
137675541
247788646
120431463
114572449
209908633
26162099
262693032
202784196
200799123
261961817
215129629
166412645
185851073
88096885
87553574
12671823
251536952
212251743
114572377
262779574
178042439
106242035
181940296
199607003
262846146
204064846
207067802
206470218
207709582
107975641
262835627
251265261
100319951
54383608
87851730
109976728
54745696
129727779
38208053
36767996
262845891
217332235
76359080
177703356
144763130
107405220
202957538
242703693
207256868
36995833
262839195
190703156
249601462
261979142
139196211
253186947
210959895
206246426
129010866
253184152
247249283
215129627
249662613
246136752
204044482
248858613
240474641
215162868
197329296
203960672
87547798
204411091
53839583
115196180
203999095
12316293
144631305
203961026
63600586
213969881
36869362
197366896
111521985
210761027
162197629
87771852
262227178
173281156
204064542
83910574
71092007
205829906
163570467
207281745
242999577
200548604
200546939
144046174
215129641
228930728
215129548
242391973
202798804
164536069
212251398
46732905
263573515
176508941
210276967
205298840
212479704
200550020
154530131
251265309
253041020
179142419
212251981
54442572
248492481
262673016
192757872
215129246
52649551
263401984
83788044
143406068
164968086
215129351
200798631
215129440
199144320
34723602
110360088
258610145
203960840
203992149
173238278
87552969
210132074
150252282
54393657
187598558
11078812
127528127
198074821
113887120
92743919
214757478
87563213
208748025
206553261
53840242
153530111
242866154
167477772
108324598
35251478
87550755
251265414
150857577
251265307
166233431
205691936
249657398
137675369
137675321
253073394
263573593
204658727
177703256
259485900
250099753
244167141
206914169
208122526
213921058
204437685
204658871
178042430
242102470
239178180
70880515
146232045
137676513
54442551
204064488
202799211
206134891
249657975
203961147
247275270
24243874
246770166
209907945
253614911
263625495
178745135
204437733
252357193
204064369
9969307
200799084
206553948
127097023
247922159
228989781
242504261
261988228
215129560
207285065
87552652
242200678
206987457
261979037
204064409
204064916
52659820
130423003
107195032
202784229
80021389
153612232
108102585
207289508
262235674
205685450
163570657
215129393
262838603
205889379
167478124
262213883
205115266
91129745
229805444
206673684
54442554
203999080
206147748
248493276
203730958
254896832
139222915
251267028
200539150
186909064
52484184
260807619
253766925
204064746
212260370
245218785
227326580
262673273
261072979
54393642
13940547
167475454
87555421
260805654
225209672
202719601
20150585
260810317
263100423
210279841
254897050
53837553
196800922
150946988
200935495
253146662
13763748
143468298
82921009
215129524
263573701
87553797
178042489
206781415
207299029
263403811
237819237
263573578
206147399
212479761
150857989
246851142
203961169
251265507
207271258
207255107
248746103
137675299
109017703
102638291
206781402
203998899
203960975
263099604
127537280
215129477
23569151
251751008
225915740
243082353
207299276
163570579
203703583
250118468
204064447
203960841
205829900
87548184
206553272
251772917
260797947
252356056
262482056
248491779
206553450
261900853
94306870
202784251
54368341
215878052
197379419
248916220
248495488
177703093
154532108
35723368
144197460
203961052
262780647
116470590
68139092
248494657
204064908
91403505
116470301
178041869
203960964
210279196
93764811
246856167
149655340
203999042
250117849
63507919
245773668
178042421
222655805
248865886
247788699
180585063
246162959
121106476
127114141
261798479
206488185
261979067
52659824
250099921
197730935
252882714
251537022
21284912
77718785
215129592
263573693
230005869
207749479
214595306
198414835
206553302
215723322
14054194
102797694
180592620
203958134
261978845
248494625
180576324
163570619
205685551
143144978
16753510
252279274
205829904
199144679
203992243
138989666
107219238
137676504
205673512
200800257
52649547
251536707
177703412
210278948
53839813
215129295
248638676
261839476
63598759
261900631
204430928
38467919
193647601
95296908
130425293
144199447
17928527
174113468
254124238
92744455
248353725
107278644
177703463
53837414
178042482
207397535
245769955
178088896
206244672
204064320
262646337
162087391
207749486
254896526
247288733
108055389
209908200
251262923
204429541
33564005
144198306
249591076
204411026
166209502
87551805
242712795
206553432
36740931
31909260
246853057
91932472
225210590
192784272
209165308
230201510
192786153
165015382
242717078
121331576
259514222
246850985
242717741
251573204
203960855
87851756
168404037
144230422
202715453
104791896
251265401
73544502
205285722
23383685
219369225
251265495
207990670
262846190
113709632
167481417
205081143
251265412
261978931
248113986
190702979
178297848
198465853
87560124
147873300
261815158
261978801
206987459
161894761
228987720
206553965
210276664
74532664
243084656
242200601
205280846
183034117
252177965
185235526
206781406
138771951
10170131
245900784
248619617
84549047
129416808
202784158
206147376
137676203
53838886
203960862
177703021
249602001
178111489
258668703
252757905
166208944
248495222
172067531
171104261
184698105
37961414
201610378
201121651
177703218
207268453
134389899
91940010
222399232
253350227
178041627
206553308
262818198
215129617
215129650
162163898
190695872
116106095
257787201
45463834
261979052
176488082
205422991
113709643
54383631
197856522
242881295
108358268
215129358
137676428
205793001
203982877
215129303
212479743
177703051
190824033
252720992
203960952
13635619
127113936
173380362
199684298
52112865
140987470
91945133
163570578
215887031
210278452
45244396
93830430
127531945
248215260
263573576
220741858
189235633
262301764
254896507
228988486
261979157
204065053
200798555
186552167
204064868
80665479
197729017
163570490
204437759
221255334
196469884
162973658
35865497
137676921
193155919
254896992
216935800
192761524
261978823
206836167
262845989
205977423
217763386
247238807
204049817
208613149
87549360
251921456
248496424
249601697
52649533
10102128
200799409
203961125
215129445
54683588
260807322
248494132
130773904
261978937
214234034
36023947
247437307
137676509
199108529
195745514
250100139
153770931
115667335
42496586
247950409
137676419
74571640
195940874
209907468
87851737
114572403
257925319
136891407
203730972
252211869
54393665
198817566
204650196
215129302
94674261
253664020
35723131
260640691
190367084
205297523
246856721
52277277
254896768
205116826
55886475
249601277
87558397
49250760
261978851
215129479
210280335
251265341
192259825
35227126
114572662
130422290
225249714
197856197
262483955
206984985
243300456
251265271
210757803
263087695
207194970
205829661
254871760
206553980
75769663
146250691
202012916
202788110
263110063
247788323
162217485
248496686
206554060
203998915
59478772
263573936
215129437
210279181
164968515
209909083
253620976
263294035
109281355
206553941
253111307
212251749
163569558
87558163
253116073
41321260
204411099
203960707
203731026
251536700
149688054
199684319
177813776
167483500
104792902
205886057
221692672
210278471
44778879
83665733
229764828
251536923
263573516
253193479
210279892
52649564
248884068
245889367
229747995
7253439
192754653
251536998
204064371
173237581
203960697
167477366
167473816
246432064
242424871
261979084
192970180
243223165
204450798
249093147
6528635
206554056
252887336
243245471
254181075
251265358
191123281
262787489
200800067
239142056
262749764
205692600
205278683
205690661
205691354
215129611
87564818
139033619
180585865
205892589
246209066
207831478
203704047
87549039
261979001
251772966
215886021
205666051
251267032
83743179
247247956
262198965
243017139
176150593
254896890
249602668
114894597
164972793
74421745
206987830
251265500
262706662
10686361
178042194
114876967
246755238
70806893
251536679
200800397
36188812
210279490
111158140
52649555
164965404
203703280
147873788
204064755
87555783
172069313
209378834
38495219
174932071
113709695
212211917
249017750
254896809
54583105
144045034
196175015
12354438
40184664
200797942
150947006
208760933
246856779
198289547
203992378
206553412
215129265
53492237
155778757
91938807
129172465
214841295
248783003
202786108
128660837
247238593
262830165
215881061
248154660
53836822
251550541
87556401
87557001
263047165
206473684
19562427
33065672
249610710
245784317
87851659
46655824
251265281
111712435
202724634
178041921
215129534
251265337
14083682
183491790
63548262
193767656
262082309
207341537
263655215
251265476
124275744
204065025
200795801
155199093
203960916
41293717
202784240
77879001
203960914
229805345
243084989
104908913
263573803
83930047
135370586
143468129
246960313
212211925
212252157
200551129
201610324
246856195
10297936
247449409
114572652
217528573
